ACCOUNT_ID=0.0.4341078
ACCOUNT_PRIVATE_KEY=0xe383e4a68ea9bbf715dc9eb9f940883d09bc8222b02e9c7ed541832e9f32e1f5
FEE_RECIPIENT=0.0.4341078
MST_TOKEN_ADDRESS=0.0.4373535
MPT_TOKEN_ADDRESS=0.0.4373536
TREASURY_ADDRESS=0.0.4341078
MST_TOKEN_ADDRESS_ETHER=0x000000000000000000000000000000000042bc1f
MPT_TOKEN_ADDRESS_ETHER=0x000000000000000000000000000000000042bc20
TREASURY_ADDRESS_ETHER=0x2aa69f67ac5b39bd19f1964d23dd00a056da8729
TREASURY_PVKEY=0xe383e4a68ea9bbf715dc9eb9f940883d09bc8222b02e9c7ed541832e9f32e1f5
ACCOUNT1_ID=0.0.4377987
ACCOUNT1_ADDRESS_ETHER=0x0afc087362198488abf82e2377210ae54d1601fa
ACCOUNT1_PRIVATE_KEY=0x26570a0e907e4476a4225d765bdfcb6cf3e52970e135260ed6bc0813dc4bf1fd
ACCOUNT2_ID=0.0.4372831 
ACCOUNT2_ADDRESS_ETHER=0x2b604ea14ec7021ebe7e51f2791cf40333fcd35e
ACCOUNT2_PRIVATE_KEY=0x974ff88e13a9f9f8a5c6b68ecde1df5505baa9454f98663b6e68d1a9e859c5bc
REWARD_DISTRIBUTION_CONTRACT_ID=0.0.4382235
ACCOUNT3_ID=0.0.4373493
ACCOUNT3_PRIVATE_KEY=0xd187a2c650f09259629ca76206944a70f46fda04ee6aa1f1f0729a30b2ae29cb
ACCOUNT3_ADDRESS_ETHER=0x3fd617b069743b6406148edecde3a1e507043763