ACCOUNT_ID=0.0.4389234
ACCOUNT_PRIVATE_KEY=0xeabb2cf5c9bde8879d18735f26ecf03f986785297c77f1596832b6da49dab743
FEE_RECIPIENT=0.0.4389234
MST_TOKEN_ADDRESS=0.0.4390174
MPT_TOKEN_ADDRESS=0.0.4390175
TREASURY_ADDRESS=0.0.4389234
MST_TOKEN_ADDRESS_ETHER=0x000000000000000000000000000000000042fd1e
MPT_TOKEN_ADDRESS_ETHER=0x000000000000000000000000000000000042fd1f
TREASURY_ADDRESS_ETHER=0xa3c88a86dc6d82930f9eb8aaa354f0cc95bbd215
TREASURY_PVKEY=0x974ff88e13a9f9f8a5c6b68ecde1df5505baa9454f98663b6e68d1a9e859c5bc
ACCOUNT1_ID=0.0.4386488
ACCOUNT1_ADDRESS_ETHER=0x8d616ef21a61787cac0acbc47815e07591762124
ACCOUNT1_PRIVATE_KEY=0x37a1356a988bb66fd758ce662f63d459f1347c33309667ed9bebcc2411e2c60e
ACCOUNT2_ID=0.0.4372831
ACCOUNT2_ADDRESS_ETHER=0x2b604ea14ec7021ebe7e51f2791cf40333fcd35e
ACCOUNT2_PRIVATE_KEY=0x974ff88e13a9f9f8a5c6b68ecde1df5505baa9454f98663b6e68d1a9e859c5bc
REWARD_DISTRIBUTION_CONTRACT_ID=0.0.4396021
ACCOUNT3_ID=0.0.4373493
ACCOUNT3_PRIVATE_KEY=0xd187a2c650f09259629ca76206944a70f46fda04ee6aa1f1f0729a30b2ae29cb
ACCOUNT3_ADDRESS_ETHER=0x3fd617b069743b6406148edecde3a1e507043763